255 255 255 255 255 255 255 255
255 255 255 255 255 255 255 255
255 255 255 255 255 255 255 255
255 255 255 255 255 255 255 255
255 255 255 255 255 255 255 255
255 255 255 255 255 255 255 255
0   0   0   0   0   0   0   0
255 255 255 255 255 255 255 255
0   0   125 0   0   0   0   0
0   0   125 0   0   0   0   0
255 0   125 0   0   0   0   0
255 0   125 0   0   0   0   0
0   0   125 0   0   0   0   0
0   0   125 0   0   0   0   0
0   0   0   0   0   0   0   0
0   0   0   0   0   0   0   0
0   0   0   0   0   0   0   0
0   0   0   0   0   0   0   0
255 255 255 255 255 255 255 255
255 255 255 255 255 255 255 255
0   0   0   0   0   0   0   0
0   0   0   0   0   0   0   0
0   200 100 50  75  50  25  255
0   0   0   0   0   0   0   0
